<<<<<<< Updated upstream
<<<<<<< Updated upstream
101 80 75 90 85 92
102 65 70 75 80 78
103 92 88 95 89 94
104 78 82 88 85 90
105 60 65 70 75 68
106 85 90 88 92 87
107 72 75 80 78 74
108 94 89 92 87 95
109 79 83 88 80 85
110 88 92 90 85 89
=======
=======
>>>>>>> Stashed changes
101 80 75 90 85 92
102 65 70 75 80 78
103 92 88 95 89 94
104 78 82 88 85 90
105 60 65 70 75 68
106 85 90 88 92 87
107 72 75 80 78 74
108 94 89 92 87 95
109 79 83 88 80 85
110 88 92 90 85 89
<<<<<<< Updated upstream
>>>>>>> Stashed changes
=======
>>>>>>> Stashed changes
