<<<<<<< Updated upstream
<<<<<<< Updated upstream
Sl	Roll	CSE 101	CSE 102	CSE 103	CSE 104	CSE 105 	
1	MCE07905532	72	70	67	87	79
2	MSE07905536	55	75	72	72	74
3	MCE07905537	90	62	100	57	75
4	MCE08005540	66	67	81	51	92
5	MCE08005541	53	40	29	41	7
6	MCE08005542	69	66	90	99	54
7	MCE08005543	91	29	43	14	30
8	MCE08005544	54	53	73	71	65
9	MCE08005546	45	96	47	63	97
10	MCE08005547	52	29	79	80	40
11	MCE079055322	72	70	67	87	79
12	MSE079055362	55	75	72	72	74
13	MCE079055372	90	62	100	57	75
14	MCE080055402	66	67	81	51	92
15	MCE080055412	53	40	29	41	7
16	MCE080055422	69	66	90	99	14
17	MCE080055432	91	29	43	14	30
18	MCE080055442	54	53	73	71	25
19	MCE080055462	45	96	47	63	37
=======
=======
>>>>>>> Stashed changes
Sl	Roll	CSE 101	CSE 102	CSE 103	CSE 104	CSE 105 	
1	MCE07905532	72	70	67	87	79
2	MSE07905536	55	75	72	72	74
3	MCE07905537	90	62	100	57	75
4	MCE08005540	66	67	81	51	92
5	MCE08005541	53	40	29	41	7
6	MCE08005542	69	66	90	99	54
7	MCE08005543	91	29	43	14	30
8	MCE08005544	54	53	73	71	65
9	MCE08005546	45	96	47	63	97
10	MCE08005547	52	29	79	80	40
11	MCE079055322	72	70	67	87	79
12	MSE079055362	55	75	72	72	74
13	MCE079055372	90	62	100	57	75
14	MCE080055402	66	67	81	51	92
15	MCE080055412	53	40	29	41	7
16	MCE080055422	69	66	90	99	14
17	MCE080055432	91	29	43	14	30
18	MCE080055442	54	53	73	71	25
19	MCE080055462	45	96	47	63	37
<<<<<<< Updated upstream
>>>>>>> Stashed changes
=======
>>>>>>> Stashed changes
20	MCE080055472	52	29	79	80	40